PERFORMING A STRATIFIED k-FOLD CROSS VALIDATION WITH 10 FOLDS
For the images with numbers
20 31 32 33 43 55 62 70 73 108 112 113 124 126 142 160 166 168 173 184 188 207 229 233 258 259 293 296 322 328 333 337 345 347 349 363 372 374 382 393 401 412 417 437 442 459 469 472 473 478 484 494 510 524 539 549 554 570 580 582 584 602 616 618 668 671 680 708 710 732 742 745 754 756 757 760 769 788 792 795 803 804 807 811 816 837 839 849 858 863 871 875 883 914 919 923 971 989 997 1014 1015 1022 1037 1057 1060 1062 1071 1079 1085 1086 
Correct results are
0 0 0 0 0 0 0 0 0 0 0 0 0 0 0 0 0 0 0 0 0 1 0 1 0 1 0 0 0 0 0 0 0 1 0 0 0 0 0 0 0 0 0 0 0 0 0 0 1 0 0 0 0 1 0 0 0 1 0 0 0 0 0 0 0 0 1 0 1 0 0 0 0 0 0 0 0 0 0 0 0 0 0 0 0 1 0 0 0 1 0 0 0 0 0 0 0 0 0 0 0 0 0 0 0 0 0 0 0 0 
Predictions from fold1 are
0 0 0 0 0 0 0 0 0 0 0 0 0 0 0 0 1 0 0 0 0 1 0 1 0 1 1 0 0 0 0 0 0 0 0 0 0 0 1 0 0 0 0 0 0 1 0 0 0 0 0 0 0 1 0 0 0 1 0 0 0 1 0 1 0 0 1 0 1 0 0 0 0 0 0 0 0 1 0 0 0 0 0 0 0 1 0 0 0 1 0 0 0 0 1 0 0 0 0 0 0 0 0 0 0 0 0 0 0 0 
For the images with numbers
16 57 67 71 84 91 93 98 100 111 120 125 144 145 152 156 178 179 190 191 193 249 252 271 281 290 307 315 321 323 336 339 356 361 364 388 396 411 416 419 423 430 451 486 506 551 553 556 562 571 575 576 594 607 610 620 648 654 655 657 664 673 674 689 696 703 704 714 718 726 727 734 738 741 765 780 782 805 808 812 813 820 838 840 842 856 859 862 865 867 884 887 893 899 909 946 958 961 962 969 975 976 985 1021 1024 1027 1042 1058 1069 1080 
Correct results are
0 0 0 0 0 0 1 1 1 0 1 0 0 0 0 1 0 0 0 0 1 0 0 0 0 0 0 0 0 0 0 0 1 0 1 0 0 0 1 0 0 0 0 0 0 0 0 0 0 0 0 0 0 0 0 0 0 0 0 0 0 0 0 0 0 0 0 0 0 0 0 0 0 0 0 0 0 0 0 0 0 0 0 0 0 0 1 0 0 0 0 0 0 0 0 0 0 0 0 0 0 0 0 1 0 0 0 0 0 0 
Predictions from fold2 are
0 0 0 0 0 0 1 1 1 0 1 0 0 0 0 0 0 0 1 1 0 0 0 0 1 0 1 0 0 0 0 0 1 0 1 0 0 0 0 0 0 0 0 0 0 0 0 0 0 0 0 0 0 0 1 0 0 0 0 0 0 0 1 1 0 0 0 0 0 0 0 0 0 0 0 0 1 0 0 0 0 0 0 0 0 0 1 0 0 0 0 0 0 0 0 0 0 0 0 1 0 0 0 1 0 0 0 0 0 0 
For the images with numbers
6 14 22 27 29 52 59 60 63 74 76 81 92 130 139 151 157 162 167 186 192 201 210 212 230 237 245 265 279 288 298 301 308 310 367 376 400 405 408 413 424 455 477 485 499 509 515 526 533 540 567 579 596 597 633 639 640 645 646 647 662 675 691 699 707 725 739 761 768 772 778 783 800 824 827 846 857 861 874 876 877 880 882 900 903 928 933 948 956 966 972 984 990 991 995 999 1007 1010 1019 1020 1031 1034 1035 1041 1046 1053 1068 1073 1077 
Correct results are
1 1 0 0 0 0 0 0 0 0 0 0 0 0 0 1 0 0 0 0 0 0 0 0 0 0 0 0 0 0 0 0 0 1 0 0 0 0 0 0 1 0 0 1 0 0 0 0 0 0 0 0 0 1 0 0 0 0 0 0 0 0 0 0 0 0 0 0 0 0 1 0 1 0 0 0 0 0 0 0 0 0 0 0 0 0 0 0 0 0 0 0 0 0 0 0 0 0 0 0 0 0 1 0 0 0 0 0 0 
Predictions from fold3 are
0 0 0 0 0 0 0 1 0 0 0 0 0 0 0 1 1 0 0 1 1 0 0 0 0 0 1 0 0 1 0 0 0 1 0 0 0 0 0 0 0 0 0 1 0 0 1 0 0 0 1 0 1 0 0 0 0 0 1 0 0 0 0 0 0 1 0 0 0 0 1 0 1 0 0 0 1 0 0 0 0 0 0 1 0 0 0 0 0 0 0 0 1 0 0 1 0 0 1 0 1 0 1 0 0 0 0 0 0 
For the images with numbers
4 46 49 75 80 132 149 169 194 199 215 216 217 223 227 234 246 247 261 262 268 269 270 274 277 289 300 309 311 316 340 342 369 370 373 384 398 402 406 425 428 440 441 445 450 452 465 466 479 480 489 501 511 518 520 530 532 534 547 558 560 561 568 581 586 589 623 627 644 677 690 712 736 740 746 752 759 764 770 777 796 801 806 810 819 836 844 848 851 890 908 912 920 922 934 935 938 953 981 994 996 1003 1013 1039 1043 1052 1064 1066 1083 
Correct results are
0 0 0 0 0 0 0 0 1 0 0 0 0 0 0 1 0 0 1 0 1 0 0 0 1 0 0 0 0 0 0 0 0 0 0 0 1 0 1 0 0 0 0 0 0 0 0 0 1 0 0 0 0 0 0 0 0 0 0 0 0 0 0 0 0 0 0 0 0 0 0 0 0 0 0 0 0 0 0 0 0 0 0 0 0 0 0 0 0 0 0 0 0 1 0 0 0 0 0 0 0 0 0 0 0 0 1 0 0 
Predictions from fold4 are
0 0 0 0 0 0 0 0 1 0 0 0 0 0 0 0 0 0 1 0 1 1 1 0 1 1 0 0 0 0 0 0 0 0 0 0 1 0 0 0 0 0 0 0 0 0 0 0 0 0 0 0 0 0 0 0 0 0 0 0 0 0 0 0 0 1 0 0 0 0 0 0 0 0 0 0 0 0 0 0 0 0 0 0 0 0 0 0 0 1 0 0 0 1 0 0 1 0 0 0 0 0 0 0 0 0 1 0 0 
For the images with numbers
5 7 24 30 34 38 47 61 64 68 72 87 94 110 115 133 134 137 161 174 175 225 235 242 250 251 253 285 286 299 318 330 346 348 354 359 368 389 403 409 432 434 438 444 464 470 493 505 513 516 519 522 525 531 541 574 578 585 598 604 606 629 631 634 635 649 659 663 667 679 683 694 706 733 735 747 751 766 771 786 787 794 802 828 831 841 845 864 870 873 892 911 924 926 939 949 950 978 983 986 993 1004 1030 1045 1047 1059 1070 1075 1084 
Correct results are
0 0 0 0 0 0 0 0 0 0 0 1 0 0 0 0 0 0 0 0 0 0 0 1 1 0 0 0 0 0 0 0 0 0 1 0 0 0 0 0 0 0 0 1 0 0 0 0 0 0 0 0 1 0 0 0 0 0 0 1 0 0 1 0 0 0 0 0 1 0 0 0 0 0 0 0 1 0 0 0 0 0 0 0 0 0 0 0 0 0 0 0 0 0 0 0 0 0 0 0 0 0 0 0 0 0 0 0 0 
Predictions from fold5 are
1 0 0 0 0 1 0 0 0 1 0 1 0 0 1 0 0 0 0 0 0 0 0 1 1 0 0 1 1 0 0 0 0 0 1 0 0 1 0 1 0 0 0 0 0 0 0 0 1 0 0 1 1 0 0 0 0 0 0 0 0 0 0 0 0 0 0 0 1 0 0 1 1 0 1 0 1 0 0 0 1 0 0 0 0 0 0 0 1 0 0 0 0 0 1 0 0 0 0 0 0 1 0 0 0 0 0 0 0 
For the images with numbers
1 3 9 12 17 21 39 40 66 99 101 103 104 107 127 131 135 136 150 153 165 170 182 183 185 195 196 211 241 243 260 275 276 280 282 295 319 332 344 351 365 366 381 392 395 410 415 420 422 429 431 435 447 449 457 460 476 488 537 546 572 608 614 617 619 628 641 642 658 669 670 676 681 682 693 698 700 701 717 743 750 753 762 767 789 799 822 823 833 847 872 886 896 913 929 932 936 954 955 979 987 1000 1029 1032 1036 1051 1055 1061 
Correct results are
0 1 1 0 0 0 0 0 0 0 0 0 0 0 1 0 0 0 0 0 0 0 0 0 0 0 0 0 0 0 1 0 1 0 0 0 0 0 0 0 0 0 0 0 0 0 0 0 0 0 0 0 0 0 0 0 0 0 0 0 0 0 0 0 0 0 0 0 0 1 0 0 0 0 0 0 0 0 1 0 0 0 0 1 0 0 0 0 1 0 0 0 0 0 0 0 1 0 0 0 0 0 0 0 0 0 0 0 
Predictions from fold6 are
0 1 0 0 0 0 0 0 0 0 0 0 0 1 0 1 0 1 0 0 0 0 0 0 0 0 0 0 0 0 1 0 1 0 1 0 0 0 0 0 0 0 0 1 0 0 0 0 0 0 0 0 0 0 0 0 0 0 0 1 1 1 0 0 0 0 0 0 0 0 1 0 0 0 0 0 0 0 1 0 1 0 0 1 0 0 0 0 1 0 1 1 1 0 0 0 1 0 0 1 1 0 0 0 0 0 0 0 
For the images with numbers
11 23 25 35 45 50 65 69 83 90 96 102 105 116 118 119 128 138 141 143 146 154 159 177 200 203 206 218 222 232 240 256 257 272 273 278 283 291 304 305 312 313 327 331 334 341 343 352 358 375 377 383 386 391 404 436 439 443 462 463 483 487 492 497 503 514 517 523 535 548 565 600 601 609 621 622 625 651 672 688 705 724 728 758 775 781 793 817 821 830 843 889 895 901 906 907 916 925 931 942 957 959 963 970 1033 1038 1050 1074 
Correct results are
1 0 0 0 0 0 1 0 0 0 0 0 0 0 0 0 0 0 0 0 0 0 0 0 0 0 0 0 0 0 0 0 0 1 0 0 0 0 0 0 0 0 1 0 0 0 0 0 0 0 1 0 0 0 0 0 0 1 0 0 1 0 0 0 0 0 1 0 0 0 0 1 0 0 0 0 0 0 0 0 1 0 0 0 0 0 0 0 0 0 0 0 0 0 0 0 0 0 0 0 0 0 0 0 0 0 0 0 
Predictions from fold7 are
0 0 1 0 0 0 1 0 0 0 0 0 0 0 0 0 1 0 0 1 1 0 0 1 0 0 0 0 0 0 0 0 0 1 0 0 0 0 0 0 0 0 1 0 0 0 0 0 1 0 1 0 0 0 0 0 0 0 1 0 1 0 0 0 0 0 1 0 0 0 0 1 1 1 1 0 1 0 0 0 1 0 0 0 0 0 0 0 0 0 0 0 0 0 0 0 1 0 0 0 0 0 0 0 0 0 0 0 
For the images with numbers
2 13 15 18 51 54 77 79 88 89 109 121 158 163 164 176 180 181 198 224 236 238 264 292 302 303 306 325 326 338 387 390 414 421 433 454 461 467 475 482 490 491 496 500 504 528 559 569 577 588 590 591 592 605 612 615 624 636 637 638 650 653 685 686 687 692 709 711 716 720 721 722 723 748 774 776 779 815 825 832 852 869 879 885 888 894 902 904 915 941 944 952 964 968 974 982 998 1002 1008 1011 1012 1016 1044 1067 1072 1076 1078 1081 
Correct results are
0 0 1 0 0 0 0 0 0 0 0 0 1 0 0 0 0 0 0 1 0 0 0 0 0 0 0 0 0 0 0 0 0 0 0 1 1 0 0 1 0 0 1 0 0 0 0 1 0 0 0 0 0 1 0 0 0 0 0 0 0 0 0 0 0 0 0 0 0 0 0 0 0 0 0 0 0 0 0 0 0 0 0 0 0 0 0 0 0 0 0 0 0 0 0 0 0 0 1 0 0 0 0 0 0 0 0 0 
Predictions from fold8 are
0 0 0 0 0 0 0 0 0 0 0 0 1 0 0 0 0 0 0 1 0 0 0 0 0 0 0 0 0 1 0 0 0 0 0 1 1 0 0 0 0 1 1 0 0 0 0 1 0 0 0 0 0 1 0 0 1 0 0 0 0 0 0 0 0 0 1 0 0 0 0 0 0 1 0 0 0 0 0 0 0 1 0 0 0 0 0 0 1 0 0 0 1 1 1 0 1 0 1 0 0 0 1 0 0 0 1 0 
For the images with numbers
0 8 19 36 37 41 44 48 56 58 86 97 114 122 123 148 189 202 204 214 221 244 255 263 266 267 284 297 314 320 335 350 355 357 360 378 379 385 426 448 471 481 498 502 507 521 527 536 542 543 544 555 557 564 566 595 599 603 632 643 652 665 666 678 697 702 715 719 729 730 731 737 755 763 773 785 797 798 809 814 826 834 853 868 878 891 898 905 910 921 927 930 940 943 945 960 965 967 973 980 1009 1018 1023 1025 1028 1048 1049 1054 
Correct results are
1 0 0 1 0 1 0 0 0 0 0 0 0 0 0 0 0 0 0 0 0 0 0 0 0 0 0 0 0 0 1 0 1 1 0 0 0 1 0 0 0 0 0 0 0 0 0 0 0 0 0 0 0 0 0 0 1 0 0 0 0 0 0 0 0 0 0 0 0 0 0 0 0 0 0 0 0 0 0 0 0 1 0 0 0 0 0 0 0 0 0 0 0 0 0 0 0 0 0 0 0 0 0 0 0 0 1 0 
Predictions from fold9 are
0 0 0 0 0 1 0 1 0 0 0 1 1 0 0 0 0 1 1 0 0 0 1 0 1 0 1 0 0 0 0 1 1 1 0 0 0 1 1 0 0 0 0 0 0 1 0 0 0 0 0 0 0 0 0 0 1 0 1 0 0 0 0 0 0 1 0 0 1 0 0 0 0 0 0 0 0 1 0 0 0 0 0 1 1 0 0 1 0 0 0 0 1 0 0 0 1 0 0 0 0 0 0 0 0 0 1 1 
For the images with numbers
10 26 28 42 53 78 82 85 95 106 117 129 140 147 155 171 172 187 197 205 208 209 213 219 220 226 228 231 239 248 254 287 294 317 324 329 353 362 371 380 394 397 399 407 418 427 446 453 456 458 468 474 495 508 512 529 538 545 550 552 563 573 583 587 593 611 613 626 630 656 660 661 684 695 713 744 749 784 790 791 818 829 835 850 854 855 860 866 881 897 917 918 937 947 951 977 988 992 1001 1005 1006 1017 1026 1040 1056 1063 1065 1082 
Correct results are
0 0 0 0 0 0 0 0 0 0 1 0 0 0 0 0 0 0 0 0 0 1 0 0 0 0 0 1 0 0 0 0 0 0 0 0 0 0 0 1 0 0 0 0 0 0 0 0 0 0 1 0 0 0 0 0 1 1 0 0 0 0 0 0 0 0 0 0 0 0 0 0 0 0 0 0 1 0 0 0 0 0 0 0 0 0 1 0 0 0 0 0 0 0 0 1 0 0 0 0 0 0 0 0 0 0 0 0 
Predictions from fold10 are
0 0 0 0 0 0 0 0 0 0 1 1 1 0 0 0 0 1 0 0 0 0 0 0 0 0 1 1 0 0 0 1 0 0 0 0 0 0 0 1 0 0 0 0 0 0 0 1 0 1 1 0 0 0 0 0 1 1 0 0 0 0 0 1 1 0 0 0 0 0 0 0 0 0 0 0 1 0 0 0 0 0 0 0 0 0 0 0 0 0 0 0 0 0 0 1 0 0 0 0 0 0 0 0 0 0 0 0 
